1.983763757990015364e+01 4.911078105479953848e+01 4.363085446436154058e+01
5.029104963006584939e+01 7.694909747505738196e+00 2.514139758250613710e+01
2.217816925894270241e+01 1.602059759827517382e+01 3.996423873142034466e+01
4.409379419995440941e+01 3.410255697374618933e+01 3.500396356939279485e+01
8.748005443179529550e+00 3.460548632191596141e+01 2.331079254527917755e+01
3.167506322719110656e+01 2.269867260707619039e+01 2.022581249968286343e+01
1.738178284631803194e+01 5.337382013622166710e+01 2.473570732345283574e+01
4.610537433286449271e+01 1.641819903505191647e+01 4.144582009866456929e+01
2.743164045321459099e+01 3.775819241650089708e+01 2.902184197929437204e+01
1.045568355256423487e+01 3.459271169787125189e+01 4.075646720500827769e+01
2.711077511705159893e+01 7.135331424505659825e+00 2.570502275285386418e+01
4.999413597633550665e+01 2.454632384964878611e+01 2.288713511041252957e+01
3.044110492166336002e+01 2.937931702742402962e+01 4.135319718268772249e+01
1.942863426002370630e+01 2.607433443853739874e+01 2.909654565561620743e+01
3.501178484678037250e+01 1.357437307492858913e+01 3.471130405764732529e+01
9.811338698543110581e+00 4.375267972562880914e+01 3.224936763532718942e+01
3.980834428810362624e+01 3.104768951795676557e+01 2.359163833018602219e+01
5.286539524911891874e+01 2.588047966738563588e+01 3.640500928099483247e+01
2.176624141456084516e+01 3.825958327175156626e+01 3.939951039729513127e+01
4.120071895790032102e+01 1.672167185462789973e+01 2.243074308646428605e+01
1.767036871800597098e+01 4.175986517803462306e+01 2.290150150093111847e+01
5.047792427152727868e+01 7.593794221270167455e+00 3.644160457661803321e+01
2.419729134086379574e+01 4.761590359567630060e+01 3.280527026741577146e+01
4.084243318445465576e+01 2.653211377817960681e+01 4.172117579811462917e+01
2.676490964628980507e+01 7.076190907954900133e+00 3.674262337169540160e+01
2.261055945989593496e+01 1.822019141347283977e+01 2.237803310675307955e+01
3.135758435329027805e+01 1.936232052773775081e+01 4.257807841396976301e+01
5.015128770090072408e+01 1.627747528763971729e+01 3.037980295844133138e+01
2.571586016765664695e+01 3.019692055905376193e+01 2.302218171268966529e+01
1.572900186509328968e+01 5.170093243432895491e+01 3.533492796381965917e+01
2.188937748247797899e+01 2.528190251145815992e+01 3.867949514974010583e+01
2.629971471287263896e+01 1.586320168275659270e+01 3.162323603353862111e+01
9.702235070791591198e+00 3.146327376650160090e+01 3.205788370457616310e+01
3.390215360629183294e+01 3.625573332147703809e+01 3.632810208976216870e+01
5.115135518577281459e+01 3.141106960385679159e+01 2.932397424649992956e+01
3.117508820630690636e+01 1.430303775815849043e+01 2.225679563596191102e+01
1.438622959478228402e+01 4.376702023546278042e+01 3.960767205164565752e+01
4.985477660585365101e+01 1.620460874267222451e+01 2.180636283410464316e+01
1.780645188647624622e+01 3.355447134242115936e+01 2.454480642837966542e+01
1.736170487615817137e+01 3.159535065940261234e+01 3.590032643460180140e+01
4.297338384492247343e+01 1.397499315937717057e+01 3.367174498219722523e+01
2.001025514880694800e+01 4.767346582474660721e+01 1.814429209647349239e+01
3.233133569134128038e+01 3.419937434479441407e+01 2.413390193358013036e+01
3.829103867501439851e+01 3.545616259557968419e+01 2.998399929932333663e+01
1.203320723818881000e+01 4.793205660057883222e+01 2.643706006663584063e+01
3.957018669066253125e+01 2.378650901062496814e+01 2.076951592552807213e+01
2.888789691684812411e+01 1.186880558950854692e+01 4.201820183529849118e+01
5.229565093405321363e+01 1.841372373787194050e+01 3.707732794892589112e+01
4.405727539954545335e+01 1.147653428641098472e+01 2.669172261861148243e+01
6.484389023688674314e+00 3.732644101557286831e+01 3.461614200895497362e+01
5.336587205385476551e+01 2.258192171042747276e+01 2.880679738964917647e+01
3.820920256158083106e+01 1.790394332949876244e+01 4.181117597090617721e+01
3.697876267214239476e+01 1.321892716732055817e+01 2.801528240223342436e+01
4.746104030916511363e+01 2.325895229952151766e+01 4.129805283323084097e+01
2.409255278091053754e+01 3.177996654000038035e+01 3.766103982642503212e+01
2.128947390686772323e+01 2.025602717786060225e+01 3.353974632044321424e+01
2.509029347487950901e+01 4.376956657382361016e+01 2.678917918102457207e+01
4.680575764499937463e+01 2.981061897133034577e+01 3.954886127404429175e+01
2.382698774048017043e+01 1.133917273509450396e+01 2.147353650229804245e+01
1.099013828583723118e+01 4.147997434981693488e+01 2.358991398884746715e+01
3.858668833859280767e+01 3.206953852578912034e+01 3.851406540054188810e+01
2.617547740324996397e+01 4.189020251138802564e+01 3.606258484720828505e+01
4.537658904000319637e+01 3.361147942788657161e+01 2.705983986603254721e+01
4.556006551571930174e+01 1.008372610074453846e+01 3.997423063107115837e+01
6.700028000527499472e+00 3.825250616647316093e+01 2.838495264629354153e+01
4.460920603542172813e+01 2.754872510561535037e+01 2.182589956912811147e+01
2.247124934739097313e+01 3.816064525826392639e+01 2.409219547464493516e+01
2.216990180865217397e+01 4.518862497673239886e+01 3.925414665054755403e+01
5.098623184278095977e+01 1.288259281571181170e+01 4.058652156565099745e+01
1.490612763288257447e+01 3.061272400660363502e+01 2.904560689684933550e+01
2.521555404366786135e+01 2.443106461629170312e+01 2.129459123016170707e+01
2.144341109008627555e+01 4.776671830118697670e+01 2.417529526565228792e+01
3.126562546710134782e+01 1.499752572394042538e+01 2.818517287704899843e+01
3.405464726432968803e+01 2.914815623711286463e+01 2.156601597445984808e+01
1.980259071703118323e+01 5.124141579717736761e+01 3.111171537222310590e+01
2.555637751388863421e+01 1.998971609020565410e+01 4.249635161719263721e+01
3.533171902381180018e+01 2.350676789010832124e+01 4.262728301113874352e+01
2.250005136187434829e+01 1.879315000882103703e+01 2.813302567723700065e+01
2.254297404569674512e+01 1.121017624710941618e+01 3.700610597213049147e+01
2.440103564214489040e+01 1.166422971169743761e+01 2.841074994461643399e+01
9.950176575664727352e+00 4.000777229858625361e+01 3.943017343151445431e+01
3.567343087849706507e+01 1.884230503574659821e+01 2.081572210860498373e+01
4.897233097227419307e+01 3.003682213121063782e+01 2.443394154823412734e+01
1.603915234255430988e+01 4.862951786647968788e+01 2.232024012435348581e+01
3.309878299030879134e+01 3.731707812851922057e+01 3.100227739745646716e+01
4.996067795724088967e+01 3.213503631088359214e+01 3.458706633216457504e+01
4.864564821402865391e+01 1.184839125791322267e+01 3.313793463496250524e+01
1.653743877366997594e+01 3.879702110065849041e+01 4.075518326218266907e+01
4.436101991252430565e+01 2.130195734095823923e+01 2.125547655026524296e+01
5.230352702808691134e+01 1.228204171108730414e+01 2.715396072138144845e+01
3.117126863197904640e+01 1.012778320098000684e+01 3.719814148347262517e+01
1.188613993008304348e+01 4.797635970318039966e+01 3.570402854088218447e+01
2.647598577219457283e+01 3.655936476061813067e+01 3.602534853727155451e+01
1.398646118646282943e+01 3.741370365636498718e+01 2.186546108912268593e+01
2.898797564623295386e+01 2.407517634151886554e+01 4.265262179139050147e+01
1.141623754616364295e+01 3.111166039051571275e+01 3.696942157941080609e+01
5.431452398594021957e+01 2.786760500774511584e+01 3.137348247633086373e+01
2.154362349597368009e+01 2.308166179065025148e+01 2.467852363422860051e+01
1.370663886566404521e+01 5.093318698535540534e+01 3.063952071599029736e+01
4.114724899416897586e+01 1.524979189306036886e+01 3.849064994534877826e+01
1.988565430500464970e+01 4.951055560351970541e+01 3.768860108960516442e+01
2.985126107562724229e+01 3.406113436625270197e+01 3.894137019545389933e+01
4.308670328543367845e+01 2.052490924965417562e+01 4.181047338859809770e+01
1.965065538119517896e+01 2.727818745065133044e+01 3.457203439905111253e+01
4.536661029767783049e+01 1.389049977621796117e+01 2.223647568333380065e+01
2.844593087125045017e+01 1.889963211482737648e+01 2.024435866602847511e+01
2.443552079487744066e+01 3.404323305495270091e+01 2.605124827759530604e+01
2.461724692500162348e+01 9.475398197196218675e+00 4.131252951372098892e+01
2.173893666073346509e+01 2.910326554178781677e+01 2.599229474258535788e+01
2.699361563673092235e+01 4.329595936733161921e+01 3.128583759273467990e+01
2.939388702055121172e+01 1.381288522151457698e+01 3.468111362492425087e+01
4.805952023870231926e+01 9.139105187472678082e+00 2.925867526269583863e+01
1.863681693104879145e+01 4.473403639895290951e+01 4.235380512281581389e+01
3.658719915444095250e+01 2.850078189243055249e+01 4.127714982569797542e+01
5.226338781020356095e+01 1.916235879092017313e+01 2.576715761866374876e+01
3.305588668217091453e+01 1.587095760541683376e+01 3.998166304417481598e+01
2.909566451818903943e+01 1.047950174913453836e+01 2.827705970084790366e+01
1.256944961240228409e+01 3.206295719692711543e+01 2.405911498739272503e+01
1.713152259548400735e+01 3.430300352960859556e+01 3.966316216459642163e+01
5.104094497505868588e+01 1.183285918062819242e+01 2.261161680102721405e+01
5.260477394775271875e+01 2.634434977312988480e+01 2.619359333394056222e+01
2.812240044214696866e+01 9.790771659773067626e+00 2.151912742310801363e+01
3.900312937811411018e+01 3.483071716321380507e+01 3.443835496653657913e+01
2.331259945596873706e+01 1.553335438827467563e+01 3.501951942178298793e+01
5.340607219690212304e+01 2.190148819072301478e+01 3.328898861157858136e+01
2.206999459890654336e+01 2.045822616462698917e+01 3.915483579658680924e+01
7.333672295467907887e+00 3.380272117665067810e+01 2.849346400328541051e+01
2.628081454770882885e+01 1.543417314690697495e+01 4.284735632709113418e+01
2.669472742468290249e+01 1.455957618009386323e+01 2.021308574897480526e+01
5.182289397236989714e+01 1.474930505978712603e+01 3.452360377015257598e+01
4.680883291376372313e+01 3.434850741977970756e+01 3.123817438556833181e+01
4.611491973065986372e+01 7.798358236427538337e+00 3.554550899675335529e+01
7.702765536365743237e+00 3.352881714683842063e+01 3.687420573141357494e+01
1.383391738276002059e+01 4.486435796396411035e+01 2.365974795186371793e+01
2.560586248726249181e+01 2.662932114149035101e+01 4.140990741023517785e+01
9.242822126519342874e+00 4.201477113497847427e+01 2.761037098274329438e+01
3.451856615324315669e+01 1.535747301013556054e+01 2.508422898292252512e+01
2.229761180407801646e+01 1.466025425805362659e+01 2.609317060121044562e+01
1.836897176569360823e+01 5.477460649763298051e+01 3.686564851707336032e+01
4.662204907578274060e+01 1.383657289484924924e+01 2.987290704808003028e+01
3.050335883741692555e+01 2.692323171080869315e+01 2.054547934285529465e+01
4.107451613958993164e+01 1.317197960974263538e+01 2.990143382703713471e+01
3.642650702129299134e+01 3.428939200211380722e+01 2.542672273771946223e+01
5.016968267111202806e+01 2.008468885443876317e+01 4.045963303805216071e+01
4.073388592818218257e+01 3.377220679402829262e+01 2.672173088430392696e+01
2.016811676950491616e+01 2.190506112982836839e+01 2.988710041188899424e+01
4.333837768261422241e+01 3.181651717670288804e+01 3.839667853543298293e+01
4.223971929096104105e+01 3.477156407169895402e+01 3.135097244466875566e+01
1.623936992256817646e+01 4.825177401613750305e+01 4.175779228036179802e+01
1.806408965275804590e+01 3.750044377120813976e+01 2.254397297722888283e+01
1.902455832754846554e+01 3.041141459895240473e+01 2.880242436195337419e+01
4.180742882215906064e+01 1.485577750150067011e+01 2.608435934975213755e+01
3.890391878721517571e+01 1.276004123378059063e+01 3.378514151308918656e+01
4.948512507693168061e+01 9.003522396684168427e+00 4.020370537947511025e+01
2.566761845914430396e+01 3.983742105237531916e+01 2.594197436394412293e+01
2.209508631144629476e+01 4.372400433150725974e+01 2.409164500960052635e+01
3.514597428779792665e+01 2.472472013645209543e+01 2.040876250641312950e+01
1.090943744662656378e+01 4.431687534449640253e+01 3.767274886995994621e+01
3.349089619595605427e+01 3.672665454186187617e+01 2.702413725109988718e+01
2.523700604561837935e+01 1.217035750253966064e+01 3.411734600265737072e+01
3.912599081285289060e+01 2.774591050880101051e+01 2.149324309362675933e+01
2.837732374427478987e+01 8.233744259829173018e+00 4.059572858201356382e+01
8.444111593391518511e+00 4.060883943085657677e+01 3.552142079145841791e+01
2.144936230793798870e+01 3.463067398089735605e+01 3.761326830309101155e+01
4.470144185570087103e+01 2.627077771919300631e+01 4.150023543030821571e+01
4.656463121982951492e+01 1.022822937901878326e+01 2.256939807731721714e+01
5.078647436508333612e+01 2.887662370104889575e+01 3.768316581857409631e+01
3.739029014002729667e+01 1.460887055138542934e+01 3.785336850702437061e+01
1.788765075791098269e+01 4.516144242936815090e+01 2.108593386081239984e+01
2.279930132444405899e+01 4.708234160291000592e+01 2.769719619599166194e+01
4.582177998981792655e+01 7.768751127769651710e+00 2.652263594079498077e+01
4.975546173845816611e+01 2.082087510790199758e+01 2.238748359369559182e+01
3.251179841548216842e+01 2.641265943909321834e+01 4.239789318127943574e+01
1.430659727112457702e+01 4.773793575066157757e+01 3.856370499009430830e+01
1.758838460071136467e+01 3.049885378939293190e+01 3.225187396336495027e+01
2.915875136209880480e+01 3.761103531711645331e+01 3.233026081143027852e+01
2.874923988623368132e+01 3.494307257033852920e+01 2.478823172660906948e+01
1.603477895062154346e+01 5.194444017100860833e+01 2.794797650402083988e+01
2.222121632791021284e+01 4.711902130823214208e+01 3.588848432997707505e+01
5.219303636794833778e+01 1.514616449092419259e+01 2.444681055492721100e+01
1.096934729776443973e+01 4.697117045773051558e+01 3.092966894546513856e+01
3.508830183406698211e+01 3.312242495886361837e+01 3.879897914003217352e+01
3.139210605539486210e+01 1.174254259774066256e+01 2.573138749927439761e+01
1.275741090806923417e+01 3.739872519676200824e+01 4.113594503925956758e+01
5.233291433170543883e+01 1.129903681562169027e+01 3.758800420747744653e+01
8.354677441890089540e+00 3.905087561476035773e+01 2.421995659929912392e+01
3.221485663859041182e+01 1.435366267101539961e+01 3.246568134151499407e+01
4.687427311123708762e+01 3.231647681362947822e+01 3.693185264877828899e+01
1.961493781734618835e+01 2.345944591602905405e+01 3.355536567798799297e+01
5.072879011233322188e+01 1.647393076518045518e+01 4.069836552592204271e+01
2.146333572241537269e+01 4.536595861023475607e+01 2.082454913516009398e+01
2.414730375130404383e+01 2.338595929757375558e+01 4.133302592311272861e+01
4.465530881980166811e+01 1.733754067121952502e+01 2.175316766592386841e+01
4.412865682031885939e+01 1.155872636343592852e+01 3.599645123522559231e+01
7.985424735990791945e+00 4.038584587276616844e+01 3.090223616368582427e+01
3.037819272421011263e+01 8.760516393174622607e+00 2.419936453397129483e+01
2.101261347457605666e+01 3.478436088172602325e+01 2.518992134309415221e+01
1.950151585712059088e+01 5.156211930427956247e+01 2.681845745017523797e+01
7.588756522432172247e+00 3.758352146773244584e+01 3.872497391636861153e+01
2.190393009372532163e+01 4.174840247464976528e+01 3.925907069176607678e+01
3.219446964785745990e+01 1.931356428112607659e+01 2.063411333266866166e+01
3.973946202093941338e+01 2.330766999830219177e+01 4.223925973008370960e+01
2.359863182875277943e+01 1.784467278717510297e+01 3.243027243721174102e+01
1.767482404760022163e+01 4.195484249181365755e+01 4.001195345493862732e+01
3.610602663503288312e+01 3.625084829838434786e+01 3.325364752860220818e+01
1.865762023521905633e+01 4.987421527893894790e+01 2.039305694561777926e+01
5.237605846221323702e+01 2.981990779111197298e+01 3.337077832981567838e+01
2.390223904261349119e+01 8.039881579219855467e+00 3.828731656238101522e+01
2.123924218936648600e+01 3.086056127406337879e+01 3.608092285810999300e+01
4.357088232222527324e+01 3.040526945643750167e+01 2.329644813140480863e+01
3.401341520058770840e+01 1.370196970654282431e+01 2.965843152646293390e+01
6.440486288013124394e+00 3.565476473319964157e+01 3.116942647248285780e+01
2.950109528548458471e+01 3.223700931256298219e+01 2.292423479538943099e+01
3.921315025734900672e+01 1.905707368407663083e+01 2.103267980825388861e+01
4.156097950903546945e+01 2.958781492692673964e+01 4.019301563014229828e+01
2.080358631383900203e+01 5.022450907317701052e+01 3.410324367859276862e+01
2.779346822248421134e+01 1.442825629994173653e+01 2.904977501975387355e+01
2.531266488631245437e+01 2.958827374030038726e+01 3.997065083848408307e+01
2.837811312038157396e+01 2.255800462390795147e+01 2.037291341382223564e+01
2.280222737940680844e+01 1.296714900899862322e+01 4.105580802794485606e+01
5.113044786359743199e+01 9.125588089640013223e+00 2.805260173479666364e+01
3.520919335620461510e+01 1.911191944652977526e+01 4.236261178305041852e+01
4.534954543501495294e+01 1.326156362961842916e+01 4.071233174715731451e+01
2.227527423426580100e+01 1.503973332799380991e+01 2.275705445845654395e+01
3.225384319718508408e+01 1.479340490907407002e+01 3.705506383034335727e+01
2.108718022109657397e+01 4.815313348023647677e+01 4.034343226334128474e+01
1.344320118922647822e+01 4.045116261134940316e+01 4.041590306085237216e+01
4.232320528797449555e+01 2.541421705506837014e+01 2.111002541535847854e+01
1.095590544545652989e+01 4.429469649152218835e+01 2.509318419676345258e+01
5.222663580529767557e+01 1.838115844780811514e+01 2.885592964390355064e+01
2.478585815386374946e+01 3.871090435388758522e+01 3.765157211528079984e+01
4.636897266581392785e+01 1.405551924245738959e+01 3.313919944210536528e+01
1.265685257991968804e+01 3.040948234809346218e+01 3.161249268934190582e+01
4.118880740411516683e+01 3.334221689094469809e+01 3.663882414885183891e+01
2.822762037553328085e+01 1.090159844259166633e+01 3.428999735092919110e+01
2.523181337559337223e+01 4.585640552856595065e+01 2.929782799273094440e+01
4.966026743606884963e+01 1.305970137471996040e+01 2.980703248445142250e+01
5.134089739290022436e+01 2.453014293843079940e+01 3.877998487531173311e+01
3.912801464177746169e+01 1.546600506147040832e+01 2.440247288114117197e+01
2.731823031965216231e+01 4.092988913255931749e+01 2.928109004874093557e+01
3.146040186959265128e+01 1.204746308597600191e+01 3.963512921471378547e+01
2.399208442005064157e+01 4.443069375672064325e+01 3.684783666627036780e+01
4.617080469374540996e+01 2.022868535534511736e+01 4.154082287536137130e+01
2.197530063363349129e+01 1.948425852317793172e+01 2.514773351099516674e+01
2.305603265399076562e+01 2.771834855511343676e+01 2.356748389638650565e+01
2.420459162734570313e+01 8.019214593261795088e+00 2.516290918058828652e+01
3.053733200387017632e+01 1.542443541803108076e+01 4.169885457750656599e+01
3.670486579807910488e+01 2.173056494846481357e+01 2.056552037348799189e+01
3.684398780030160481e+01 3.064098103817662277e+01 2.288433310440403545e+01
1.784552596740875074e+01 4.981034747928447359e+01 2.450795742601534499e+01
1.478570048814527738e+01 4.993231540551542480e+01 2.599285200991398881e+01
1.695594830715818091e+01 4.940389529732196650e+01 3.856201698859058524e+01
4.747285914019835928e+01 2.648799772613442727e+01 2.197261133126516697e+01
2.541359315831392962e+01 1.921207909702477323e+01 2.042888639311224352e+01
3.348488744363697833e+01 2.922386112753099496e+01 4.130489934043052358e+01
3.096501751404709069e+01 3.696714548803847578e+01 3.597907725249466893e+01
5.204890548283134422e+01 1.773004105106201678e+01 3.398497332824183559e+01
1.680909192472535096e+01 5.171336481340510716e+01 3.094715921556313631e+01
2.547750877055377572e+01 8.858604374457881292e+00 2.804330041753885538e+01
2.118533999770713550e+01 4.836924225095749108e+01 2.104882639506667630e+01
1.778604844983389910e+01 5.483547106022798800e+01 2.733649732720402525e+01
2.899720605553311259e+01 2.932944899558060570e+01 2.153988740587965367e+01
1.329082134157804340e+01 5.026841929099242634e+01 3.431222679038063461e+01
2.670285069402648048e+01 3.219139987023190486e+01 3.909269290877514891e+01
3.609621708277703789e+01 1.635324953222309219e+01 2.275477373372696022e+01
3.101616436880015826e+01 3.744397294680447885e+01 2.887328800917189042e+01
4.318439985539358617e+01 1.647722934455667243e+01 4.088716042222813485e+01
4.632564082579473563e+01 2.351200058284835137e+01 2.144143761244183466e+01
2.673264703704080247e+01 3.622474987231470323e+01 2.652844846712638827e+01
1.310826906913366408e+01 3.338354260971554055e+01 4.028428608877046457e+01
4.917498334400490023e+01 3.189983643514972300e+01 2.671134238969588282e+01
7.061670284778484685e+00 3.646956144631832331e+01 2.484712205392276019e+01
5.001270682349344554e+01 2.742423155830859116e+01 2.351545577810438914e+01
2.022317152459262957e+01 2.399063399554422205e+01 2.717757307871826100e+01
2.719476924280258601e+01 2.658350557489883670e+01 2.098487875896153909e+01
4.881454194994218199e+01 2.771617537587276203e+01 3.998853434588257016e+01
3.675873979482965126e+01 1.263148165438358994e+01 3.178800564992803857e+01
5.429247870595839487e+01 2.508416018408135173e+01 3.001339169748521840e+01
1.775585748193082836e+01 4.712732240646826654e+01 4.417343141297205733e+01
4.388600080354255084e+01 1.418432735687015089e+01 3.081998884672059802e+01
2.284110183790899384e+01 2.801317498800761996e+01 3.891931191467929096e+01
1.538056030839635469e+01 4.006189068749304028e+01 2.236324347968247039e+01
3.789896168991517555e+01 2.106940159323992390e+01 4.231815746497136388e+01
1.500779044245894767e+01 3.153053805971873302e+01 3.758529387426910517e+01
9.425347035373501825e+00 3.183823696481709220e+01 2.810758442498106291e+01
4.806746963780388171e+01 1.386702936302674871e+01 4.149845954705439510e+01
5.168721992180800129e+01 1.115335107308365892e+01 3.477308159285789912e+01
4.089612797254042675e+01 1.389792360007389682e+01 3.567492216016311346e+01
3.400343975548842224e+01 3.203009543993071162e+01 2.323694510699047200e+01
1.414885063960607248e+01 3.406733046399157416e+01 2.272503354743525605e+01
3.751423408066305143e+01 3.418299670206336316e+01 3.687904032145395661e+01
2.881322075994881260e+01 1.250730255159877125e+01 2.091451735664853828e+01
8.134016376082675137e+00 3.269933394914719571e+01 3.408923251751269135e+01
2.977474808366538994e+01 7.756986087601506874e+00 3.816497314000934438e+01
2.160460304397789599e+01 4.682798496665919430e+01 4.280003806569557412e+01
4.154745829144316360e+01 2.161400129389719993e+01 2.106059536565786416e+01
5.257399233185049781e+01 2.305723879366508910e+01 2.613465824702802109e+01
2.618259052029073786e+01 1.241158130945767901e+01 4.263131984776607908e+01
5.261717415049623980e+01 2.109756551517634193e+01 3.627490853387986647e+01
3.159812293364757707e+01 3.211825509081685937e+01 3.998955846306544970e+01
1.687628782354783041e+01 5.281069976135670885e+01 3.820711571468937962e+01
2.390874119035260037e+01 1.775960419169635429e+01 4.210691989967323678e+01
5.155113883540420261e+01 1.791911777852530108e+01 2.336378520942386672e+01
2.148424783441222985e+01 4.937260976665700696e+01 2.858709743108818557e+01
5.111623772817335976e+01 2.944985356463406845e+01 2.611171815058806089e+01
1.926237255366414303e+01 3.728498671422453015e+01 4.009770814772194569e+01
2.225234250441199890e+01 1.243109179730768687e+01 2.369622257123983999e+01
3.527193071029606131e+01 3.661568624448308640e+01 2.943281721297937992e+01
2.901032308894086853e+01 1.602544081715932123e+01 2.059366657948279311e+01
5.040629013113800028e+01 3.237287717865128656e+01 3.178410607793058773e+01
4.477498276428164559e+01 2.337354567581614617e+01 4.179102516481681562e+01
2.220920055631680157e+01 1.687336691265622335e+01 3.737630959402906683e+01
4.423147512087527389e+01 1.170828831189776587e+01 2.398392438265440063e+01
1.076402451888989553e+01 4.565253293992850558e+01 2.744553145987745779e+01
2.895426135282491487e+01 1.810022956956742846e+01 4.267101118669545912e+01
3.140981931200156296e+01 3.049946599534807490e+01 2.208518011612950716e+01
1.029146643628008917e+01 3.643119465316944172e+01 2.202840712492160336e+01
2.390053438849678358e+01 3.096243933564777251e+01 2.488310271852413891e+01
2.506860392348434985e+01 4.533992477666214427e+01 3.453917824452037166e+01
1.000561660277265652e+01 4.357796902318356302e+01 3.523318840081681458e+01
4.717268244714344405e+01 2.073363471807480352e+01 2.161751066559482126e+01
3.955059495903185507e+01 1.359845233219837191e+01 2.731335069033440277e+01
2.743030558879585712e+01 4.128750268013317992e+01 3.302374547155648798e+01
3.822263698838713708e+01 2.552429043330072389e+01 4.214780993638350992e+01
1.175735108587785938e+01 3.923133836266163144e+01 2.234307180542089455e+01
3.198053846143273660e+01 1.458078580202031382e+01 2.547557718946001870e+01
2.568624305166051869e+01 3.402547446569968770e+01 3.742074584808672455e+01
4.536652568069018088e+01 8.031294857986008395e+00 3.810963386349533977e+01
2.022870835841673198e+01 3.261761799371790005e+01 2.655373137366647640e+01
2.410586744655718050e+01 8.910620229000469905e+00 3.576645827398143496e+01
3.727525367370410692e+01 1.594737794236364081e+01 4.025250878547693389e+01
2.779747095238074195e+01 3.033365208037472627e+01 4.064479234084197401e+01
2.271996748595606519e+01 2.188700874333910562e+01 2.261990335762918036e+01
1.932997390857069675e+01 3.289778730334608525e+01 3.710120409545532993e+01
2.266704218761611145e+01 1.190426202143945389e+01 2.643594967177737232e+01
4.887228354511657358e+01 1.535966857829708943e+01 3.248445180040599212e+01
7.356428794461514542e+00 3.942948759067475351e+01 3.326802427357846881e+01
2.672764691347430954e+01 3.330883078558869670e+01 2.441750806863653978e+01
2.051835534886081547e+01 2.526288043547159745e+01 3.644223249347484739e+01
4.631209847726540119e+01 2.927578682180338632e+01 2.281214608970017110e+01
2.833707875270252430e+01 8.402798528272896306e+00 3.513443284834778524e+01
2.207159419795026878e+01 1.338006804627548618e+01 3.837720063372853474e+01
5.158962479292307535e+01 1.454978870542980118e+01 2.887597179638360956e+01
1.874542240482330868e+01 2.727857165307826293e+01 3.213089809960337107e+01
2.685250966369984837e+01 1.418309383573620863e+01 3.379652811679856228e+01
2.417420408330431059e+01 1.493184463009609253e+01 2.071379581895284261e+01
2.795209699006946380e+01 2.094061370523701981e+01 4.268229891828407574e+01
2.506248103504911384e+01 9.134403389431284381e+00 2.195618682789403309e+01
3.307937035841500517e+01 2.227301986821554181e+01 4.276404546670231355e+01
2.552717158248407259e+01 2.194960089519758384e+01 2.071187272665788726e+01
1.598885644667439010e+01 4.591391462705351501e+01 2.274448483709132418e+01
2.599448646871223545e+01 7.576781581014686573e+00 3.996615421696213133e+01
4.144332920454989733e+01 3.453076466399971167e+01 3.375951919221703434e+01
1.783376803722580917e+01 4.682307316530731356e+01 1.915465610286961606e+01
2.353858318749885825e+01 1.522367756073260026e+01 4.196340701407358154e+01
4.842938463421455708e+01 1.109294160211884694e+01 4.118151639738145775e+01
4.361616021199678528e+01 1.279777301699173719e+01 3.814920912774994122e+01
2.802933763108634224e+01 2.689954304487240577e+01 4.209907032908459712e+01
4.777300188687183891e+01 8.805232630859272547e+00 3.391833385615763063e+01
4.593329954766988976e+01 1.048508121592724507e+01 2.898240158377794984e+01
2.422940953051066515e+01 3.736616658900329924e+01 2.570271217095806549e+01
2.021934376408025713e+01 4.221528371699529458e+01 2.337630717043338535e+01
1.563154989284585383e+01 3.071572212052396367e+01 3.431578595712414881e+01
4.850654389253460863e+01 1.846444585857808107e+01 4.139718232447927448e+01
4.409818151863352398e+01 3.464346660403202094e+01 2.967992252944983278e+01
4.756308414324313816e+01 1.482643154706657462e+01 2.151424486062226293e+01
9.641528297307852213e+00 3.778946840571180843e+01 4.050793098386419899e+01
5.036300651067625012e+01 2.249512648473309895e+01 3.989194460337506598e+01
6.674167563210588128e+00 3.828662137722693615e+01 3.108411867798383099e+01
1.233109564060352170e+01 4.943092145743992205e+01 2.922482809620598587e+01
3.426698406595048851e+01 2.141417887276591259e+01 2.037326071036351749e+01
2.518958936327763709e+01 2.756998203176102891e+01 2.200427555243139111e+01
1.448670069434260554e+01 3.532381349564650463e+01 4.088318464135586083e+01
5.224362742389315173e+01 1.648289113707043541e+01 2.730317237531555463e+01
1.899973009844548244e+01 5.186060210687888627e+01 3.421270320922842956e+01
2.147705153785273424e+01 2.082347545543335343e+01 2.711014825966193342e+01
1.154936193358848762e+01 4.803589119123937934e+01 3.303061065292424558e+01
5.275500699968424811e+01 2.964360439640343969e+01 3.084184281678693296e+01
3.525886663192413550e+01 1.538498945609965673e+01 3.870290590243592987e+01
8.074222541523756291e+00 3.537106541845423635e+01 3.956052016427828022e+01
3.138428073264875451e+01 2.424256878421815742e+01 4.278381436271222071e+01
4.447459207945136228e+01 9.540884336820880662e+00 2.498921473069804833e+01
2.688845742605511546e+01 3.968670148126504671e+01 3.472600361596240504e+01
4.387667394723306558e+01 2.840066447700893804e+01 4.076862047733926175e+01
4.353018519903591255e+01 1.462076405698908488e+01 2.359316044440318905e+01
2.820584684877378834e+01 8.146336305615349715e+00 2.757543787115974965e+01
3.115482677957879076e+01 3.741544844620692345e+01 3.364425289223938620e+01
2.584288923752110989e+01 1.215929325045874343e+01 2.050856178293054910e+01
2.088386245194154256e+01 2.160957899840295227e+01 3.545424629674427308e+01
3.523458259098102019e+01 1.675558120088840042e+01 4.114478348579451961e+01
3.213401156376872336e+01 3.558153430538602180e+01 3.774170947638170048e+01
5.223350400742454980e+01 9.724457986877292015e+00 2.605185398206683800e+01
1.100773018909461243e+01 3.088692847399954289e+01 2.957416780728599548e+01
2.186244018162156522e+01 2.538410492635836491e+01 2.432585242710731421e+01
4.736091198548514569e+01 3.344161483722691486e+01 3.492960648184173067e+01
9.431738763916296620e+00 3.278767367893785689e+01 2.462845108401421967e+01
5.231799940793257520e+01 1.608809968349392605e+01 3.737560722911748456e+01
2.206590057022802753e+01 1.935878646350791144e+01 3.555781885886041493e+01
2.950535981112698281e+01 3.585636196458700908e+01 3.748186045398860244e+01
2.137077849565329046e+01 4.475221060048681920e+01 4.175890156445834123e+01
2.605657209239860350e+01 4.541925813190994177e+01 3.148921780704561257e+01
3.680312857956038641e+01 2.780992263219084748e+01 2.136064519146394858e+01
2.027724973298877131e+01 4.711572757462258210e+01 4.473994289199107754e+01
1.541187451455363266e+01 3.054372561646396989e+01 3.144436591332476638e+01
5.028486890716239088e+01 1.350738311752014198e+01 3.331141773459474820e+01
2.503891890638596252e+01 1.613939771036092452e+01 3.360442834020636838e+01
1.510047406215833377e+01 5.004537488149237134e+01 3.682207325088348426e+01
3.734672508168014105e+01 2.537015420480431871e+01 2.070394329040661674e+01
3.466061817603737438e+01 3.087982396971633392e+01 4.020270840503775389e+01
2.202115756050040218e+01 4.586818175933152020e+01 2.301586285554689226e+01
5.025242291659475313e+01 1.079741258998427256e+01 2.936247596313506136e+01
4.005730357352941695e+01 1.926355999841364763e+01 4.193957776434302787e+01
1.573006780896152890e+01 3.258235545549466394e+01 2.462468485853891309e+01
2.380453811870951952e+01 4.066596599548845603e+01 3.856819181399421836e+01
2.696120065974904989e+01 1.092013543307706946e+01 2.898103584462374727e+01
9.313376335593041233e+00 3.251734417269098287e+01 3.814252691949541685e+01
4.270759885256768484e+01 3.419186556827720835e+01 2.792734809199409796e+01
7.933210669497769985e+00 4.017162666249110714e+01 2.833785817245122729e+01
2.048769178866658791e+01 4.336784113019704989e+01 4.000158836909085380e+01
1.094703953327571178e+01 3.334054941996289045e+01 2.302792741372801899e+01
4.314852771709762180e+01 1.408726643271732826e+01 3.633971728679431124e+01
2.661400729667526122e+01 1.801384036422804158e+01 4.281982822920637943e+01
4.181784966720725549e+01 2.416918088051527747e+01 4.203887690708889835e+01
2.216354572611296447e+01 1.913430100965576131e+01 3.126164052076446609e+01
1.877133875308961919e+01 3.051505290572635687e+01 3.416759948544101633e+01
3.729183525484938855e+01 3.520023498685091567e+01 2.729433231850548580e+01
3.851864422175255243e+01 2.938169588260807430e+01 4.053907498906917795e+01
4.094571172663174252e+01 1.304393168207374387e+01 3.289272509671793898e+01
4.788278801293792952e+01 7.283396111595814126e+00 2.725797772949111675e+01
3.900724168053743313e+01 3.267485411057079858e+01 2.490781863522654760e+01
5.455038685996275660e+01 2.517339782817071381e+01 3.223535521451480435e+01
4.591803164849206098e+01 3.107703744700511805e+01 2.407681372762606742e+01
1.917381737078436288e+01 5.271882328093715131e+01 3.719316294775681087e+01
4.866367980043779085e+01 1.074194868132306269e+01 2.203039687105558642e+01
4.820161272222684090e+01 2.102622307167739990e+01 4.109422767495305351e+01
4.911975183517162691e+01 3.030523372298349827e+01 3.800439060519568102e+01
5.066483722333619255e+01 1.723214659290917083e+01 3.232490068241388315e+01
2.965631811504355753e+01 1.000887147612831107e+01 4.108854236698151396e+01
2.798311050026592639e+01 3.740272446746794088e+01 3.419623920820500729e+01
4.079007965029742877e+01 3.191241656045898267e+01 3.835986859352556166e+01
1.886666604030510541e+01 3.955567200289902985e+01 2.265831608306295664e+01
1.248026478764706937e+01 4.987691007891807971e+01 3.214061662094296423e+01
1.415999038506865659e+01 4.826990208544253846e+01 2.469841810841226959e+01
2.780728683691745573e+01 7.584830202040072855e+00 2.366977143431315156e+01
7.320199559657152300e+00 3.359966056557333047e+01 3.225775021453415548e+01
5.257365593667579162e+01 1.961449070239237003e+01 3.298790020189585448e+01
4.934138719401622808e+01 3.304851067318534064e+01 2.999256842413053192e+01
5.209781579887619785e+01 9.220116970882726193e+00 3.693969299275576645e+01
2.099096365707428902e+01 3.952169698076299653e+01 2.322577145609316673e+01
2.586780296787330613e+01 1.339030251850470776e+01 2.910426795038268821e+01
2.966721422005822717e+01 2.071242915605439450e+01 2.027204630361522675e+01
4.136098446087981273e+01 3.213276291125146145e+01 2.468183692995166822e+01
3.083422950534065166e+01 1.471724343826858217e+01 3.081161156573654836e+01
9.178477578517469482e+00 4.223483801661867432e+01 2.978146881654516065e+01
5.218683567763081044e+01 1.268899632549302758e+01 2.426056048963549472e+01
2.433182065854581566e+01 3.559898061166468608e+01 3.676815315970701903e+01
3.662722124422573700e+01 3.242536283263731178e+01 2.410792428741102356e+01
1.777401215521870625e+01 4.954556836071654402e+01 4.097178606089236297e+01
1.903793140228522063e+01 3.526465633883062623e+01 3.936730608909498130e+01
5.216181475151434910e+01 2.831777423248402670e+01 3.612150569585542570e+01
2.589000689780223752e+01 1.655456107331187354e+01 2.022247892245843914e+01
4.862925182125657386e+01 7.836328754441262312e+00 2.379134977679775176e+01
7.820443457498330808e+00 3.927148642940483825e+01 3.707811919761008568e+01
4.043158961623208825e+01 1.617204934849423381e+01 4.028863110621492893e+01
1.708442646593161740e+01 5.326793965805057240e+01 3.479129174761416721e+01
5.077291647355356474e+01 3.060496420232342984e+01 3.583470989295594222e+01
6.922615648262330446e+00 3.441754158129307939e+01 3.445781305605191847e+01
1.869937173542416531e+01 3.564750925710899310e+01 2.338880438436523690e+01
1.248431935213582555e+01 4.503493077051967930e+01 3.891681898757732228e+01
1.995712926712315038e+01 5.089301444955985687e+01 2.878857460294643289e+01
3.229712174670430613e+01 1.474456648110065160e+01 3.493219693026684780e+01
2.286775674594733232e+01 2.399640414738282956e+01 2.278515353793473253e+01
1.196010752257994625e+01 3.179877359524257940e+01 3.890062521838341780e+01
2.019521174478500569e+01 2.892666094625828777e+01 2.784489439707038727e+01
3.386557319363866014e+01 2.719102170642702632e+01 2.078209486509181758e+01
5.184722817531695682e+01 1.527204360933021476e+01 3.936497954496726948e+01
5.280038400003132892e+01 2.319927543195176156e+01 3.636519158369393523e+01
2.037612690420353445e+01 4.532547326838310653e+01 4.362553148926730273e+01
2.320958738697548895e+01 2.605957425587211418e+01 4.012072353737656272e+01
4.980061359606951754e+01 1.015616065678532465e+01 3.361011801983838154e+01
1.211640244688291190e+01 4.710496639812842545e+01 3.760041297251268588e+01
4.801309196364785947e+01 1.116347417676950116e+01 2.980721189453928588e+01
1.596981771962560437e+01 4.297472462440995855e+01 2.308383736464685398e+01
5.024549747114074449e+01 7.841435719049719033e+00 3.863780490138898216e+01
4.705894185530156903e+01 1.277636658921295343e+01 2.171810723349315708e+01
3.443850216153299471e+01 3.485145458286939402e+01 3.778079250486234741e+01
2.231322747426822417e+01 3.298913906029608967e+01 3.665192033857663034e+01
3.433398710809632348e+01 2.735499328835772204e+01 4.201272860251952324e+01
2.135228598361148755e+01 2.021021294398583379e+01 2.961492571399681495e+01
2.141589558167557428e+01 4.821675960246376746e+01 2.662945672802350217e+01
2.341109726955266623e+01 1.808854560120542843e+01 2.986800678498773820e+01
2.264112485184883994e+01 3.005620293348857075e+01 3.738654122848292616e+01
3.374527489635834598e+01 3.525968260645469599e+01 2.522310731885343316e+01
1.640040656939957131e+01 3.628222254092428045e+01 2.233364910259896163e+01
2.787111061833750369e+01 3.418916514727840195e+01 3.835274656000783011e+01
1.799938543266288704e+01 4.418838819389419825e+01 2.290912702662951617e+01
4.824801188027532817e+01 2.861193723180411652e+01 2.307355256492422768e+01
4.912289818777099271e+01 1.896127677737583284e+01 2.175880535736980903e+01
3.395994373014992362e+01 1.618779483370067140e+01 2.328121053563678089e+01
2.902224105603327331e+01 3.238339622983704658e+01 3.980660643901079965e+01
4.725321581698611340e+01 3.252893745162096195e+01 2.631516430535032214e+01
5.286227684865760779e+01 2.784046021181063679e+01 2.757751494642994317e+01
1.988549154560810450e+01 4.961145615988156266e+01 2.443546021702758964e+01
4.591819070679646586e+01 9.586154183046435406e+00 3.428545425675629588e+01
5.049982747335862143e+01 2.258606164738727529e+01 2.317153207362306944e+01
9.562954907904281043e+00 3.166919559707412191e+01 3.512332743128005319e+01
4.577445509516508082e+01 2.547870990533612456e+01 2.141646329009509486e+01
5.359555043521802986e+01 2.567044897226845990e+01 2.818692211152723814e+01
1.308838149867796652e+01 4.980277994462079505e+01 2.736999780044156338e+01
5.237837554440112342e+01 1.322428165860218385e+01 3.825186604090747267e+01
2.379213740899071183e+01 2.012452708200627072e+01 2.125536933612706036e+01
4.293486051473876586e+01 1.838432257661887803e+01 4.155342296525741119e+01
