2.201746383022958753e+01 1.553829123569646598e+01 2.481800241011853814e+01
7.883654969000913226e+00 3.320673116607314768e+01 2.745075645381023222e+01
2.241657069052779860e+01 1.914817042750896547e+01 2.288594813468913003e+01
1.759545019711223190e+01 4.426790657598962042e+01 4.020190432798446523e+01
2.997240347065629962e+01 1.856837562792179952e+01 4.258128873469424747e+01
2.439199605052311171e+01 2.309605308745223695e+01 4.151226004693346994e+01
2.733582973865911470e+01 4.075068073014703884e+01 2.941683942011703579e+01
1.075428130695573437e+01 3.101959180306054620e+01 2.921875961705533342e+01
3.177026567541587099e+01 1.346528572553389047e+01 2.487315414962877469e+01
2.172818082784213800e+01 1.963872075848457754e+01 3.259570857416404266e+01
2.212224310747323841e+01 1.634537292713457646e+01 2.542266255188083690e+01
3.166612932566071947e+01 2.422918992600185106e+01 2.021967562868709933e+01
4.332763083000416060e+01 1.373036883772477168e+01 3.823259830855309360e+01
3.889322210516551337e+01 3.012564738160653732e+01 4.000645673904140409e+01
2.905891057372933517e+01 3.045338274866303152e+01 4.080547175494297107e+01
1.848577054307857281e+01 4.089498663183966443e+01 4.017221681425181856e+01
4.424058834905696358e+01 3.435666094122487380e+01 3.416781759902727345e+01
4.305172632800835686e+01 3.013036079052392324e+01 2.306882677465703679e+01
2.668466944187500189e+01 1.565648232776188209e+01 3.131040685084141728e+01
1.488001552590396237e+01 3.447727744459793797e+01 4.043881358693177219e+01
4.007182138457980614e+01 1.804470286319693528e+01 4.170325191543556542e+01
3.697905762038757871e+01 3.199890188987077977e+01 3.893132446893122278e+01
5.242238325432866475e+01 2.053573350201175884e+01 3.685922041394785964e+01
2.490904228810715537e+01 2.803325769838066961e+01 4.053782279540391187e+01
2.971219698387853470e+01 3.499513150440959919e+01 3.820929021459289743e+01
1.430218026995388136e+01 5.125418953669958455e+01 3.161714554699204527e+01
5.254831974054928878e+01 2.996219878329047859e+01 3.125713326085447363e+01
5.010668040927749445e+01 2.390574967652938909e+01 4.000931776311076504e+01
1.350172185233180855e+01 3.578643134640086032e+01 2.188767966745140470e+01
4.285763885222003466e+01 3.475277940932669196e+01 3.042026292109775909e+01
1.447562697923630459e+01 3.045951004861488798e+01 3.003774898883338906e+01
1.710901215196763658e+01 5.483296426256480061e+01 2.597334159226056727e+01
3.388267359193858397e+01 3.244065952353206228e+01 3.946687599491841070e+01
3.318073819414266978e+01 2.847820878365457276e+01 2.123972609115865140e+01
1.613151387101617473e+01 4.517493399912904550e+01 4.008383766316508456e+01
2.704414124646278594e+01 7.748099355425606127e+00 4.029455195187487249e+01
2.379175063863736028e+01 1.192908570697658810e+01 2.804863218331887609e+01
6.751436328468518155e+00 3.629093693072933036e+01 2.601791078142365521e+01
2.011930916765903277e+01 4.370335106489410748e+01 2.289819764905358213e+01
4.465345814833898430e+01 3.455286396072722255e+01 2.951396229915476255e+01
3.143763407658101272e+01 3.747577472008484989e+01 3.235369773741181376e+01
8.822707794064861275e+00 3.208310706058959738e+01 3.429193175784035930e+01
3.900305034208540178e+01 3.346576092544194125e+01 2.575805669288313382e+01
2.386262894427898829e+01 8.726448214638907075e+00 2.342188099104951959e+01
2.944158770961355032e+01 1.067874016115480806e+01 4.147948855734546214e+01
2.358068958752581779e+01 9.899687101000445466e+00 2.714464446841002854e+01
2.303921134159537232e+01 1.655475843113555712e+01 2.775790495939975244e+01
5.235592442751188003e+01 1.167723177832909087e+01 3.764275933544981001e+01
1.852138534982882589e+01 4.339564399226608771e+01 2.314956379377223783e+01
2.402768055299333483e+01 4.001477279850445967e+01 3.847933322302373682e+01
2.186775406153606838e+01 3.380155764126016749e+01 3.696633167895956262e+01
4.598278337513122693e+01 3.401526817399599167e+01 2.825333054971202529e+01
3.581610014120804664e+01 1.645058234930812091e+01 4.086854295300142326e+01
1.424157680182557861e+01 4.741563279805757247e+01 3.867973058833118216e+01
2.335116799071887073e+01 4.493567765240889855e+01 2.573390678981490609e+01
5.210235030039470416e+01 1.742784607547633868e+01 2.454532853711802431e+01
3.253659674882010222e+01 2.144202399020840488e+01 2.031730551774408866e+01
4.423247567082039922e+01 1.234965221396604562e+01 2.377102805439063360e+01
2.408423606213365531e+01 1.746853925712618860e+01 3.274032152195485423e+01
1.626593450627503401e+01 3.780373824677726446e+01 4.086115958161786210e+01
4.779568902639446293e+01 3.133681205141241577e+01 2.501133053191892941e+01
4.816936536698501925e+01 2.425768686396055784e+01 4.105832987206073170e+01
1.818796824364931553e+01 3.204124185898863431e+01 3.644684293839910083e+01
4.474537340732968005e+01 8.928122536408892529e+00 3.821277724721846880e+01
4.741356962134092612e+01 3.212795816725229514e+01 3.690050207111276848e+01
7.517324060638451932e+00 3.576619002847120043e+01 3.900520780577130608e+01
2.258171077984778563e+01 1.911950634788177084e+01 4.044292494370174751e+01
3.799801981069057888e+01 1.864506095667235286e+01 2.105438497598856173e+01
5.008931719200349875e+01 7.370383800322161783e+00 3.762464231182467955e+01
2.151185963531666800e+01 4.851951037427984659e+01 2.742405097152429505e+01
2.248324351127318366e+01 1.583049703626154248e+01 2.226288739982973297e+01
4.955099641424570933e+01 7.341653940032403902e+00 2.555512885315703286e+01
1.023038260785153852e+01 3.128132802895711251e+01 3.491261429461172128e+01
5.009506301597959066e+01 2.496989027121083282e+01 3.995491245125842283e+01
3.570308745840150522e+01 1.661111901908110156e+01 2.239771888441654824e+01
2.302822494970299161e+01 8.980606510388760455e+00 3.778539689304159310e+01
3.508957163139820778e+01 2.370026507415537509e+01 4.264921608110642381e+01
2.167960360532627817e+01 3.533346163097040460e+01 3.795300856669884837e+01
2.011349831063962057e+01 4.632182829800650126e+01 1.877026895916436189e+01
1.945988736380333251e+01 4.666606238131512185e+01 1.856556742632539070e+01
2.815406641335724203e+01 3.048105362080901060e+01 4.064989999055435987e+01
2.296947689381897462e+01 4.842763771134164585e+01 2.941285165556184111e+01
1.069432271385893429e+01 4.536599265930969693e+01 3.565279156253996007e+01
2.992796408440797862e+01 3.593640665172259929e+01 3.744491864411025261e+01
4.600160680025824433e+01 3.455245169693015583e+01 3.072233188459223996e+01
3.071848588947475633e+01 9.373772061566933544e+00 3.670382785645732326e+01
2.219026630460299288e+01 4.963259335377024684e+01 3.285776200234226962e+01
4.092969884648101697e+01 1.368102428514819024e+01 3.521546683807272871e+01
3.085104864091681165e+01 1.469473669220353607e+01 2.783226343130943548e+01
1.868227667198477704e+01 3.537160429253410143e+01 2.354402294021483044e+01
3.756287804170838029e+01 1.771838754875769339e+01 4.176953191674609656e+01
4.121102248506976906e+01 2.971564603675502525e+01 4.011770233828809040e+01
3.114831001183971892e+01 2.085362474606951722e+01 4.271531517249062659e+01
1.225745631038529915e+01 4.602880567803310896e+01 2.446648462123133783e+01
1.922412941880286041e+01 4.395045907471962465e+01 4.095227109401300680e+01
1.030422940740394999e+01 4.018914056738526597e+01 2.332077690647686197e+01
2.761888762215558302e+01 3.742699681030880754e+01 2.855533681975999016e+01
2.690330020268922340e+01 1.833480662230041247e+01 2.021631083621089431e+01
4.968108901897480933e+01 3.291489876811563420e+01 3.128321814267340528e+01
5.165042780505996944e+01 1.942042437189586579e+01 2.391655574874031132e+01
4.590469255147027638e+01 1.737279624937874800e+01 2.153638476794073142e+01
2.007742764822353365e+01 3.259131972750574846e+01 2.658632650060269853e+01
2.317900419847741489e+01 4.903603044053100746e+01 3.076799738037103893e+01
1.317703332868365784e+01 3.394465289901642535e+01 2.257099237234459821e+01
1.853573494611870842e+01 3.561244002326335334e+01 2.333114267527771801e+01
3.760740942342482640e+01 3.317106407824110192e+01 3.787335424687411489e+01
3.263323020319581502e+01 1.512399090569129712e+01 2.512645459843952978e+01
1.468674773423574287e+01 3.161595346782987548e+01 2.539795484807520864e+01
2.676443992691033458e+01 4.361604312081220769e+01 3.022830629321775575e+01
4.279651428734464957e+01 3.153767177733511318e+01 2.413884772417397784e+01
5.212846813340094343e+01 1.073530590141304941e+01 3.835953708999004874e+01
2.125469930389891360e+01 2.089218777901053770e+01 3.545189782956473579e+01
2.975602070726974802e+01 1.332162540690459629e+01 4.183386626245308548e+01
3.109521301665923687e+01 1.415887534216521715e+01 4.103580681588034196e+01
4.951085964070638568e+01 2.561500219264715383e+01 4.025740824010153318e+01
3.299834525622905090e+01 3.600032174995482137e+01 2.572700820014356182e+01
9.211822521997541813e+00 4.231251774693242851e+01 3.098256137620276363e+01
8.211395715117946636e+00 3.257006047732558329e+01 3.213382468019034377e+01
2.245528643438421312e+01 2.795375577770791509e+01 3.846379382502049538e+01
2.610034807594984940e+01 3.419517105008919344e+01 2.534974923586193540e+01
2.700937811653929188e+01 2.753920064069577833e+01 2.129658986412865573e+01
8.459108225402516723e+00 3.291610830314205316e+01 3.757567317531069762e+01
3.268950667121830378e+01 2.669102737412659820e+01 4.230963291182732178e+01
5.189125873215724027e+01 1.534842273679940483e+01 3.459961596219499569e+01
3.553294999935059195e+01 3.158138814213110734e+01 2.327651830116860410e+01
4.782737082306336873e+01 2.854409284317497253e+01 4.001358259121728622e+01
4.724039979307863035e+01 3.300611571075247497e+01 2.698634518614161593e+01
1.671365813544977996e+01 4.526493180059760135e+01 2.278835012943289584e+01
3.902366703409694537e+01 3.451992027520408612e+01 3.533353000175399927e+01
1.048924399245039041e+01 3.124254422250774965e+01 3.560068478541028725e+01
5.022892864336996155e+01 1.349369504570948664e+01 2.971140679713494848e+01
3.398046122651690837e+01 2.369640601927137169e+01 4.273588215815529878e+01
3.427484910654820283e+01 1.761776277311941996e+01 4.173985863665739515e+01
4.184777999996339304e+01 3.476534785124368909e+01 3.185382710725031785e+01
9.138153706755828054e+00 4.131971305082669943e+01 2.595609886010119283e+01
3.230425862610431409e+01 1.667640703744383757e+01 2.193383090399328950e+01
4.246097335620557089e+01 3.454251498199274550e+01 3.358235832101443918e+01
2.440673165769275599e+01 1.013034806949382016e+01 3.494133641832712556e+01
2.202637159594700833e+01 1.398793896139663495e+01 3.809305028005087479e+01
4.282931790683564088e+01 1.636292331954954449e+01 4.073776734977386127e+01
2.439378801256145479e+01 1.071660160526267980e+01 2.819986161596933982e+01
2.777182022360666735e+01 3.530258204732411542e+01 3.743698968008490624e+01
5.164857716404329580e+01 8.922007018515182963e+00 2.707059010085452044e+01
1.176657616573766774e+01 4.059231311185613578e+01 4.001846319931313189e+01
1.425494020762337755e+01 4.456190223043206089e+01 3.944450642026866660e+01
4.386443025369992910e+01 1.875107901125914722e+01 4.157126192760171790e+01
2.546652234535083892e+01 7.764864085804197735e+00 4.001732763904381329e+01
4.870359100837102773e+01 1.363170629956447044e+01 4.145649706654622690e+01
1.408940210829203465e+01 4.969120191503924389e+01 3.674939593532266002e+01
1.880780076329213202e+01 3.530793634900854983e+01 2.364245794682818769e+01
3.309382865425062192e+01 3.268308435084318120e+01 3.949610889712748474e+01
1.606997928966911005e+01 5.158891431619420587e+01 3.004279382343656479e+01
2.621786273572914894e+01 2.043035375141156962e+01 2.041828469892213249e+01
3.891233389669846332e+01 2.081374012657546047e+01 2.080433110427320642e+01
1.696336139198839987e+01 5.166201576987515409e+01 3.345360702767067806e+01
1.095166170934654737e+01 4.630534234966330587e+01 2.789318353094962433e+01
2.597966834530664215e+01 2.497203444226322233e+01 4.187294947977700588e+01
2.484008089868455471e+01 1.361487591111333195e+01 4.253766253221400717e+01
3.365660228990388703e+01 3.104187443990933915e+01 2.257446500213692175e+01
2.336518861485543752e+01 3.885202333277469933e+01 2.437047922970126024e+01
5.105218283176962046e+01 1.569684046917677378e+01 2.252120950503078944e+01
2.071429305652263864e+01 4.898009111357809076e+01 2.109384227949934143e+01
2.348680865122621242e+01 3.074391732486407136e+01 3.774441454631072190e+01
1.556825903282178380e+01 4.805017298335010167e+01 2.264227782321014359e+01
3.580318253554320762e+01 2.925158046221539720e+01 4.100522446302445445e+01
1.615786980404369899e+01 3.463859666936341597e+01 2.295355507835054354e+01
2.687019712893354750e+01 3.332574834966125366e+01 3.851904851930989793e+01
3.169431858144909597e+01 1.393899902861479134e+01 2.548748627651193033e+01
5.312409391233457256e+01 2.122503179910442128e+01 3.373998017655380721e+01
1.689269003609253161e+01 4.863670917804206084e+01 4.277519331560050375e+01
3.866240399164959740e+01 3.526052450761037704e+01 2.956086911557552810e+01
3.816878161247311851e+01 3.154548084016744269e+01 2.380189659777681754e+01
4.946808064346902967e+01 1.186094804150958026e+01 2.976760596343086362e+01
1.149944752459408370e+01 4.804704379671614589e+01 3.197789823346247928e+01
3.156880587778985259e+01 1.192254699064025836e+01 3.911670185145050027e+01
5.180256841247538091e+01 1.398139947810115302e+01 2.334785410502458092e+01
2.162020787691879775e+01 4.765986838171383511e+01 3.643709102100645225e+01
4.093841173209029449e+01 2.506569892116988285e+01 4.202215206424497751e+01
2.574692395866694383e+01 2.322615658369130642e+01 4.205284170051951520e+01
3.887050245502749846e+01 1.897852777132433033e+01 4.204437386839684621e+01
3.693677899473208015e+01 2.543116290839991933e+01 2.068934505740482876e+01
2.696125740784885849e+01 3.094364813481790932e+01 4.005012984001645293e+01
2.289038799578536043e+01 4.835258873986609274e+01 3.370046027883113737e+01
1.226572688567643254e+01 3.862659959499052320e+01 2.213558732763037540e+01
2.207264658019673931e+01 4.226939077081934926e+01 2.388283708833114716e+01
2.603748510033347685e+01 3.177282661575186751e+01 2.391207767649929394e+01
2.092583315094081442e+01 5.064069244966977124e+01 3.025161550234701480e+01
5.350537818010030833e+01 2.525049194684807574e+01 3.495599401835170283e+01
2.179774851679098902e+01 4.763141378084834798e+01 2.673395534127588036e+01
1.736608178041442230e+01 5.337753319426976617e+01 2.473695609354142988e+01
2.217457675585512078e+01 1.372666808146051309e+01 2.325704662310814541e+01
2.989851740448489537e+01 1.458471981684587249e+01 3.443009629538285310e+01
5.028240731954930709e+01 1.175520132194316503e+01 2.220087154544536645e+01
1.170344002885786061e+01 4.618639301498025418e+01 3.778060295012313929e+01
4.266876131297822639e+01 3.478488995300558884e+01 3.122932351090700465e+01
4.481950417330968151e+01 8.558743753259427933e+00 3.645231809215642471e+01
2.272452967189488504e+01 2.075175127783716533e+01 2.247223351047169615e+01
4.855529018762181437e+01 2.354438242448751950e+01 4.091195033585438523e+01
1.872146386457579581e+01 5.002473011480606147e+01 2.194008820986890385e+01
3.595104927327993494e+01 1.283462455694073512e+01 3.035798373745127066e+01
5.194179675631256998e+01 2.279732516264560260e+01 3.811613000984675637e+01
1.652257455399764652e+01 4.718108414380843385e+01 2.031486092616143679e+01
4.526770043619843875e+01 8.395998733142338466e+00 2.713443198823846814e+01
1.117802133053422153e+01 3.078403970518398580e+01 3.213521548836191499e+01
1.071558849035266192e+01 3.100482579947657058e+01 3.432803362502164646e+01
1.080830661836004936e+01 4.616107009491138768e+01 2.857451116299803573e+01
3.184903153496357930e+01 2.297702924813285463e+01 4.281176376591696453e+01
2.376291604222923581e+01 4.851054479392200847e+01 3.122780737281072305e+01
1.973083665156346456e+01 3.633202736259023879e+01 2.354008194393862041e+01
5.234440087557840116e+01 1.826170640599734085e+01 3.667865099238820648e+01
2.350255174388290413e+01 8.656836933389358890e+00 3.925071854784802383e+01
4.155288305226557100e+01 1.345652009083835665e+01 2.935450647444304906e+01
1.447793823359472754e+01 3.044113729077378139e+01 3.043465149397059122e+01
2.127122155926824831e+01 2.640685941093163791e+01 2.539285783946387198e+01
8.805502047691964762e+00 4.097260683799969172e+01 3.615491010325653320e+01
3.203282230605427827e+01 3.142558584528819665e+01 2.256984791480877206e+01
5.271887001832564579e+01 2.387946841740305359e+01 2.641471915149190863e+01
2.390634914457610805e+01 1.621379638060817996e+01 2.858372669034850944e+01
2.108027925554895177e+01 4.812101602631985031e+01 4.322208580910963605e+01
2.543951268693269441e+01 3.166831536228372102e+01 3.863565434970944068e+01
2.407720221814936679e+01 3.329127063419747401e+01 3.699401822920840033e+01
4.017722292851663468e+01 2.899317585338845049e+01 2.219286217917488102e+01
4.083832721894554396e+01 3.285960381583858236e+01 2.542606731902698769e+01
5.199314711847559067e+01 1.835665713458186232e+01 3.853830211535423445e+01
3.897765343882318234e+01 1.627010569388377803e+01 4.046555194904098585e+01
2.455115603289341664e+01 3.112047086598024492e+01 3.834708909674176169e+01
7.383566412703183701e+00 3.907605530186130238e+01 3.590715003671239458e+01
2.157310131550735832e+01 4.843005235634712591e+01 2.742281036839579755e+01
4.883215772826264356e+01 1.610043280315800018e+01 3.166577125035491846e+01
2.735212385582648409e+01 1.516007099481759113e+01 4.278473289716420425e+01
4.251638002426174268e+01 1.370551014053972061e+01 3.336677370785455565e+01
2.925509270178690713e+01 1.128792936393605828e+01 4.175029637368020730e+01
2.500449139176554425e+01 2.952100057361576546e+01 3.982339017480581589e+01
1.853442296774171538e+01 5.164320816891067523e+01 3.359439999108948172e+01
9.582564480875966240e+00 3.651045353596360599e+01 2.228737135489672028e+01
4.973044209488046619e+01 1.319536719729521757e+01 4.123030640218477316e+01
4.011381220191308472e+01 3.464267797374127866e+01 2.867650956928063266e+01
1.598564330865418270e+01 4.578511212151924781e+01 2.287533593982262303e+01
2.838822940216049417e+01 2.593052118975763776e+01 4.238219813236769085e+01
2.425320922738432827e+01 3.708300726609472520e+01 3.721500965822571061e+01
1.624740934082194599e+01 4.731959760687673366e+01 2.070074999335655264e+01
1.969854637609548575e+01 5.113666065706500774e+01 3.464972958116302948e+01
7.147045841615348394e+00 3.899270400413818294e+01 2.772338290429925323e+01
1.754545460136136370e+01 3.240097819384143918e+01 2.585132128064798707e+01
3.078508074123516991e+01 1.655516980753934320e+01 2.123310097067964364e+01
7.957639055879955237e+00 3.644476904416292484e+01 3.958308457268719138e+01
5.267751711739639120e+01 2.145288998249635171e+01 2.688546154176984970e+01
1.413949855807780054e+01 3.059131250360856313e+01 3.526637269760550453e+01
3.013744779951187525e+01 1.424623851409230646e+01 3.483937262326322326e+01
5.208907392596437091e+01 1.489881256647438512e+01 2.787600309225334172e+01
3.178710597919629066e+01 1.382858886715257007e+01 2.405163225650589354e+01
1.816614682863049524e+01 4.232467218277146515e+01 2.307553411079972605e+01
2.867956741689550881e+01 7.583698867417743017e+00 2.603132600400493146e+01
4.947838566867144294e+01 1.952601858136022273e+01 2.198697196533333553e+01
3.085426340150785052e+01 1.136149881996867883e+01 2.691786126473681406e+01
5.003265228160413614e+01 8.449963899260092504e+00 2.371007144615320072e+01
2.535284430474709083e+01 2.070694352685410067e+01 2.061071916911413737e+01
8.264423920233500809e+00 3.505148020975863687e+01 3.965113765634929166e+01
3.517068461030633131e+01 3.256680153996927629e+01 3.908303506816216100e+01
1.661449715772744895e+01 3.069830740204578490e+01 3.235145283701012175e+01
4.045334930629091730e+01 1.447168524452731120e+01 2.639903840941170898e+01
2.048161427903405141e+01 4.960265412731085632e+01 3.581789041833221887e+01
1.041281389489247111e+01 3.811645886654783055e+01 2.226567594716155796e+01
3.044299033147146716e+01 2.085746264148522400e+01 4.272012494587959708e+01
2.482375583849244549e+01 4.195544585716837105e+01 2.530782222591925645e+01
3.156306477961789625e+01 1.318993667838859629e+01 2.348657199404230056e+01
4.415473020355724998e+01 1.019781939198441378e+01 2.545449347913414329e+01
2.428080481795935697e+01 1.907146873580352420e+01 2.082296877846096805e+01
2.276301095354613224e+01 3.061192000439159244e+01 3.723832313020180607e+01
2.375003530961380704e+01 1.041871328969998700e+01 2.190203431280222190e+01
1.949048448296951719e+01 3.707678455999663214e+01 2.308088942769214569e+01
4.897197663679956747e+01 1.574633519980818974e+01 4.148320285940471308e+01
2.200991497474084113e+01 1.443618463976457278e+01 2.460254422220108950e+01
5.065191519234843298e+01 2.992364783415846574e+01 3.682180737087493583e+01
1.048062068467564600e+01 3.116571440568104023e+01 3.489440749154587706e+01
5.245036459428046527e+01 1.394352750129025686e+01 2.511423338546899586e+01
1.356199383991046936e+01 3.033754435543989558e+01 3.098750859124674761e+01
4.654015949543740049e+01 1.514120305053166504e+01 3.115166359394732964e+01
2.177031796080650494e+01 2.450344272262438139e+01 3.865699073585560086e+01
4.835910210128628961e+01 1.922100788077874967e+01 2.161998952032265464e+01
4.802649468093571272e+01 1.468854921870577002e+01 2.148418005250430340e+01
2.953596150601099168e+01 3.183275463622030088e+01 4.015603157726595640e+01
4.103541394444363277e+01 1.382830054702585088e+01 3.543577848700969923e+01
5.107682686602630184e+01 2.012801397461373298e+01 2.323596672974301924e+01
2.380772883677054352e+01 1.563274632606068870e+01 4.216152714175224503e+01
9.639506975335716987e+00 4.023170615458123223e+01 3.899352627045246322e+01
1.669766256922791570e+01 4.521297217701885529e+01 4.080301187935670271e+01
4.455260116570050144e+01 1.442491715747330794e+01 3.166508757222763393e+01
1.186430867185611326e+01 3.432846539898412885e+01 2.225605202553547457e+01
3.720167205666545840e+01 3.215718510936660834e+01 3.877762493455601600e+01
4.836192824421237191e+01 3.244589953495979984e+01 2.688020284625143574e+01
4.812528927234014020e+01 2.939377379184200123e+01 3.937825491517470766e+01
5.305669341670389372e+01 2.453556625458816853e+01 3.596228616783929510e+01
3.310420455409090579e+01 3.065605909111224392e+01 2.229092400001075092e+01
2.753225518503317915e+01 3.033539608101261464e+01 2.229177068836869680e+01
3.673082949480794923e+01 3.193050239879901753e+01 2.378540626543796321e+01
2.806615695365220020e+01 1.443982051851041959e+01 2.036830993082337216e+01
4.104515116614540915e+01 3.439563085702121015e+01 2.829775922943781552e+01
5.139765288066987381e+01 1.453034919896772337e+01 2.283037634668637850e+01
2.953262217263275957e+01 1.328074876856951292e+01 4.193717796773006512e+01
4.526154934919200201e+01 3.466881525621840865e+01 3.070837354398133812e+01
5.272153986059095132e+01 1.988813243306250911e+01 3.341249528033071670e+01
3.706169241697539007e+01 2.081095024058321741e+01 4.236908233764491172e+01
5.037667527033464410e+01 1.304784892875068003e+01 4.095156787669678522e+01
2.405624942602391414e+01 4.296651768811096161e+01 3.771111305754081400e+01
4.999592767536337590e+01 1.645279361510812777e+01 3.063445925063492581e+01
5.242465158665672220e+01 1.909576100590279424e+01 2.862600478616089106e+01
2.277134976937171018e+01 2.351645964825687329e+01 4.015147949265350746e+01
4.046208177143039109e+01 3.085640945951702463e+01 2.349988859499454463e+01
2.766290781007002408e+01 2.418029262426838599e+01 2.057218641240799428e+01
1.633474542601920376e+01 4.645645344816208677e+01 2.127507663858324705e+01
1.883893687333992517e+01 4.798696030430330239e+01 1.815786846313256220e+01
2.483189238242368191e+01 1.220726611303783926e+01 4.236543496620893023e+01
2.950836969256180708e+01 3.353477147761215349e+01 2.364691442130296650e+01
1.529875390613209696e+01 4.418010392388698193e+01 3.966825876982383647e+01
2.316461331886039687e+01 1.476678178052839385e+01 2.768054511278241847e+01
3.873439091124906497e+01 1.271562569118088781e+01 2.966798732207102063e+01
5.364794028889599531e+01 2.613766116398512551e+01 3.479449699621646630e+01
3.300166357311066889e+01 2.326972410133001290e+01 2.023862098978771229e+01
4.772984709441539053e+01 3.258403212002966143e+01 3.613479613213360153e+01
1.817363835895628910e+01 4.039363207504561615e+01 2.265091886954176914e+01
2.401102006082347984e+01 4.556436948780587670e+01 2.722440794255041752e+01
5.192174382874230787e+01 1.633505171060709316e+01 3.916259136908944072e+01
4.470802309724176382e+01 1.206553979221687989e+01 3.475558204263514028e+01
4.051532753071154502e+01 2.819734194591251253e+01 2.179687071482448246e+01
2.389991884089382879e+01 1.169968521320335242e+01 4.178444580398890906e+01
3.505614487544390556e+01 1.642363221775023163e+01 4.071450538690571364e+01
2.016509455513573812e+01 4.894174532452447579e+01 1.864961398511169222e+01
1.640400660029188984e+01 4.616868865567241187e+01 2.151162584622100837e+01
2.174436891733942545e+01 4.696110767993717872e+01 3.782945051274413117e+01
2.471087732687144722e+01 2.894227908123642834e+01 2.284434249632434089e+01
1.928804412788409905e+01 3.172027675327386476e+01 3.574276162638158638e+01
1.053884834710163254e+01 3.749729244868484557e+01 2.210005270264192134e+01
3.397971194324568245e+01 2.325133657304082391e+01 4.275376964039175220e+01
4.529899583227455651e+01 1.451186876783498647e+01 4.087086560926029932e+01
8.319130492339107619e+00 4.083568372227568943e+01 3.065447627160916255e+01
3.059885775932191976e+01 1.363918115266404030e+01 2.181105287683907079e+01
2.645637318423781181e+01 3.154858666386595800e+01 2.351232365245364520e+01
3.941710236967931991e+01 2.960500807666483780e+01 4.031124757261991931e+01
1.817615308670118068e+01 5.163521388580052474e+01 3.075910274796051169e+01
2.318273849441849066e+01 2.521148904841744454e+01 2.269118800655330048e+01
3.586989878539068854e+01 1.549818196733416720e+01 3.908181431544939244e+01
2.554003162627007484e+01 2.279899201531573283e+01 4.205934355461966589e+01
2.442694494454249821e+01 4.764713058947509694e+01 3.225577628434454880e+01
2.968970784482238301e+01 7.735871062399563236e+00 3.778802652270223916e+01
3.293424270194984871e+01 1.714542098100508127e+01 4.147600886493578543e+01
5.234203746644251964e+01 1.644292026017502906e+01 2.595992890776839346e+01
4.259033371523679534e+01 2.640932091972879192e+01 4.164929761779951178e+01
1.295527319408659572e+01 3.851056624666553319e+01 2.205769774261180061e+01
3.800695557124560509e+01 3.497314720942505772e+01 3.520367714938465298e+01
2.261545491700873356e+01 1.749223356084738867e+01 3.573795842420439328e+01
3.408106879376160236e+01 3.703639342337103102e+01 2.902333660999178022e+01
1.166944604979402911e+01 4.810695599329355332e+01 3.391442806599229698e+01
4.675986489199675589e+01 1.023568498527524717e+01 4.072341807449663520e+01
2.199133420768274050e+01 4.646242017998944362e+01 2.398117309182336498e+01
1.753353898031518199e+01 3.103711687483664861e+01 3.427002854890760375e+01
4.773939458676767345e+01 1.952395646159423848e+01 4.137776174039065324e+01
3.979389227041414756e+01 1.278237019246827622e+01 3.013706084135035468e+01
2.750112772815119300e+01 2.237097749509030109e+01 4.254917597520918804e+01
5.177237796951573756e+01 1.667304235462421147e+01 3.398019687870387884e+01
2.577014125300224023e+01 9.663567653654647316e+00 4.178303595502777057e+01
4.817281346333609804e+01 3.201885369813891913e+01 3.665265530534806260e+01
4.915694709893499237e+01 2.600989645822252072e+01 4.042472293051279308e+01
5.216008596085255533e+01 1.487071341488387155e+01 3.534284016058405342e+01
2.017223999809690582e+01 4.886005615689181525e+01 4.381045859694025069e+01
4.643849679256929619e+01 1.166697717029570924e+01 2.944700087296819646e+01
3.575453474346730331e+01 1.531718679188241161e+01 3.867198546928940317e+01
4.947708920121914389e+01 7.432162059581285618e+00 3.845593822058454236e+01
1.801495284291806342e+01 4.334159762899762569e+01 3.991962284572270647e+01
4.131963046801531902e+01 1.414613349988198365e+01 2.744415170179787467e+01
2.308527069479049132e+01 3.074541358817173631e+01 2.544163635617652730e+01
2.294964900994180823e+01 1.527101659731298611e+01 2.163728810323327423e+01
1.155294272417129342e+01 4.563943067016457178e+01 3.797709093322153251e+01
2.685871813263715424e+01 2.754321400124095831e+01 4.154193488250263755e+01
3.766608537189103600e+01 2.312955108940221294e+01 2.060027503674873373e+01
2.301022790120947903e+01 1.424914016252873417e+01 2.164702049280255736e+01
1.629500565157973568e+01 3.697767454477530435e+01 2.218281862574027841e+01
5.294842190908896384e+01 2.588666020592146566e+01 2.672874476881989736e+01
4.563957214025240461e+01 1.298610685801902243e+01 4.084268153598743822e+01
1.483507496111751678e+01 3.309025673902046094e+01 3.960749399517581537e+01
4.220693345874426683e+01 3.062809115241303459e+01 3.941771662600417159e+01
4.455601414925374826e+01 1.400948882348576596e+01 2.897417840589334403e+01
2.386744882108284571e+01 1.276551307332027108e+01 2.105523188945728208e+01
5.251742469769676802e+01 2.137313027311163083e+01 3.681861685568533460e+01
3.832564954005948721e+01 2.969445011781127519e+01 4.036553627930986465e+01
3.194336256425919274e+01 3.356992254317641056e+01 3.917953028648101110e+01
3.310151251209867240e+01 3.670200490492761247e+01 2.680388215943894892e+01
2.249222066250813867e+01 1.052302868192816909e+01 2.455011904261428413e+01
2.282485198576051033e+01 1.087860992835913088e+01 2.280042001082439640e+01
5.326479083060556974e+01 2.898386138763096298e+01 3.107661634096320924e+01
2.033094958071234259e+01 4.483860599406680336e+01 2.050672787653284956e+01
2.616648875270131214e+01 2.325589599899168292e+01 4.220307833551267152e+01
3.533656996570814357e+01 1.927796131154979165e+01 4.237357015114720582e+01
3.604381319191331556e+01 3.234346734268486045e+01 2.389742740351303851e+01
4.327458601394002358e+01 3.477848533961523003e+01 3.065314975162013766e+01
5.211678409159580383e+01 2.921572515313582841e+01 2.768221298577619649e+01
2.812511203422372930e+01 3.255639661602125301e+01 3.949443674589215902e+01
4.808456840169242241e+01 1.164354464275598033e+01 2.984930222731015093e+01
3.571750004950096979e+01 1.517649529123267982e+01 2.497102922482796217e+01
2.710609446061800654e+01 3.272031273527497319e+01 2.386393625738264035e+01
2.977064884354820151e+01 1.316396599393169531e+01 2.807786712555204645e+01
4.829809644259210444e+01 1.831948081270094519e+01 4.145504513425564141e+01
2.055074526620263597e+01 4.898756229349234559e+01 3.727548362557475770e+01
2.798168868994238778e+01 3.757185756507197283e+01 2.930073955794674490e+01
6.433168597582714199e+00 3.602649511067713917e+01 2.887424188432008165e+01
2.112470809149871087e+01 4.739678385387094295e+01 4.390643074040916360e+01
1.209762877219444910e+01 3.244105352618540650e+01 2.365980600798111055e+01
4.558220939085326506e+01 9.958029502909289121e+00 2.321885567877621170e+01
2.749079676092508961e+01 4.127493282766964455e+01 3.162064056657168720e+01
5.008601508884607512e+01 1.109583779889107369e+01 4.081669526698266992e+01
2.191482447288498037e+01 4.503684003152215354e+01 4.039245986409652289e+01
3.604045982424679551e+01 3.590041640635676856e+01 2.749969673192780562e+01
3.063380960754135884e+01 1.545344046511620562e+01 2.144835636206904184e+01
5.035241498222113421e+01 1.161836391323305584e+01 2.226348275333404914e+01
1.215056656385686829e+01 4.626111038585309387e+01 2.461553016355699697e+01
3.414679845752741016e+01 2.105692970078720094e+01 4.264311499414977646e+01
4.952000614423130997e+01 1.740764127336692013e+01 2.175111529976958025e+01
4.678082983457584021e+01 2.634739248620279639e+01 2.173870167196334080e+01
2.908005838567456536e+01 1.863239312649363200e+01 4.271208611273093680e+01
1.420751748128544989e+01 5.067600156061823213e+01 2.770518240534526200e+01
2.613979823085022858e+01 4.526448986577776168e+01 3.193963167491085997e+01
1.205883025540565079e+01 4.568961401277272927e+01 3.846070794489623523e+01
4.327415466792123766e+01 2.378993740677100988e+01 2.109460243316094363e+01
3.660725616674723426e+01 1.541778353543295665e+01 3.903958553971616396e+01
7.191763809822877107e+00 3.851556170075251373e+01 2.606550109593452902e+01
2.554651030498139974e+01 1.336524003866353993e+01 2.033852721416279152e+01
3.738388326256436756e+01 2.259938802552191461e+01 2.058871937164467170e+01
3.403508209017873298e+01 1.350566271202541557e+01 3.216717057000563784e+01
2.583454789518527406e+01 1.110821975051392307e+01 4.232831900146957338e+01
2.985631599889970644e+01 1.046540729882422127e+01 2.210463111815734294e+01
3.918023914093749482e+01 3.243280956714356478e+01 2.472587737415113196e+01
9.898028552451771489e+00 4.142838372790174617e+01 3.819006381149480944e+01
5.076145232877035340e+01 1.755547278631390284e+01 3.157407361489774900e+01
4.257269559813882864e+01 1.458407039799373273e+01 3.803528492887071621e+01
2.689732303587963358e+01 4.136358614223320274e+01 2.815181729866582572e+01
3.750817480625354960e+01 3.105649904751553692e+01 2.326471565747272052e+01
2.461905030048633591e+01 2.833546020355805695e+01 2.263888380915645726e+01
3.748819235814144690e+01 1.256695805346382855e+01 3.268089330518195368e+01
4.831682776736546714e+01 1.584089492245356112e+01 3.106935326699634814e+01
2.484825758446462274e+01 4.059896820769673553e+01 2.504631663726290469e+01
4.883101560744017888e+01 9.218097106720577472e+00 2.264517474221285909e+01
2.651457728792469837e+01 2.990413931999932373e+01 4.043177484663199550e+01
1.147216267076448304e+01 3.642261269815061553e+01 4.118794497919429887e+01
3.886558547683970488e+01 3.511679027636898098e+01 2.920110723346281034e+01
4.130454808589954041e+01 2.573120822551223341e+01 4.188531983134139836e+01
3.760347636428626572e+01 3.530848395486465563e+01 2.788769583486452319e+01
3.219971048767182964e+01 3.629863446606191246e+01 3.695783351152644514e+01
4.830630938417850473e+01 1.492130455861054195e+01 2.149846929714203014e+01
1.573422065699961969e+01 3.312071666362554367e+01 3.926731855108990743e+01
5.101453076084569460e+01 1.526291511509841570e+01 2.247000005593867300e+01
3.975539454440078657e+01 2.329274320602372939e+01 4.223753717592749979e+01
1.050781355836744702e+01 4.573174680000033732e+01 3.041094126490659022e+01
4.852042319123250991e+01 2.639800250993565101e+01 4.060991721051013315e+01
2.864268265189009455e+01 1.139886064178326208e+01 2.110413634510906178e+01
4.637014169738350233e+01 2.511491307237927373e+01 2.148364589648146250e+01
2.573508124716594025e+01 2.199469965295383389e+01 4.227659852000903840e+01
2.014810595671701421e+01 3.875132363571276528e+01 4.000169408911847313e+01
4.716282220881267762e+01 1.074356300081821125e+01 2.218483395437343830e+01
5.245132256565950257e+01 1.221115218675595315e+01 2.600930688038210903e+01
1.415131094037216464e+01 4.162364513991111181e+01 4.013600836861417065e+01
4.008220094860648430e+01 3.357446371415251463e+01 2.619774801789983698e+01
2.827769970460884252e+01 1.520977814785278426e+01 3.311317424138596976e+01
2.719807564447818038e+01 3.957927519712897180e+01 2.929139346114068942e+01
2.661303340997752898e+01 2.916501683499218700e+01 4.084572830109254937e+01
3.230801525328456592e+01 2.472374522050084522e+01 4.271915727119402817e+01
2.617571221899690315e+01 8.730482360470062986e+00 3.473874769684022823e+01
3.458241798784955279e+01 3.398519127192662381e+01 2.446689355529725418e+01
5.192334189352335727e+01 1.859590974424909149e+01 3.042570774141655221e+01
1.414280946584016974e+01 4.275477934667555502e+01 2.312451503751366033e+01
3.594813266674859165e+01 1.278953655356904129e+01 3.222483516620938104e+01
1.043076206487906177e+01 3.118597434791889356e+01 2.895721795101585272e+01
4.743908615804488704e+01 3.242102217789745566e+01 2.626400120167296137e+01
2.243141263400828223e+01 1.887280563487620100e+01 3.235986818107244289e+01
3.213179327707573663e+01 2.976057515600606251e+01 4.106668224887630458e+01
5.217125364076040483e+01 2.727218534487474244e+01 2.586351645983998182e+01
2.725939399843072053e+01 7.185360973830821507e+00 3.652082852817627412e+01
3.480144395944087421e+01 1.321385089695067450e+01 3.263450601587066302e+01
1.999633492201652274e+01 3.414553095428054519e+01 2.519662322499418394e+01
4.393729329675243633e+01 1.097814745990830509e+01 2.588506876008442248e+01
6.332080904407400013e+00 3.678270968292318344e+01 3.226449124160931348e+01
2.210417222022515560e+01 4.487977270766267424e+01 3.956682065665576431e+01
2.901919015698364035e+01 2.843785485784527367e+01 2.114292111375213779e+01
3.093263596984296271e+01 9.115280115731843935e+00 3.767060005949622337e+01
4.257623317295795573e+01 1.884934578712109854e+01 4.167544280344509389e+01
2.165158074004390798e+01 4.447894467772405847e+01 2.316286707149101431e+01
1.647072555430587215e+01 5.323476053773359240e+01 3.538584016341874161e+01
3.310985687169411307e+01 3.727843578170020322e+01 3.232734648929348964e+01
4.487434928600779216e+01 8.486919601987601425e+00 2.615439814728200218e+01
3.784749976792635806e+01 1.250276842012663536e+01 3.143123288255688408e+01
3.163179171736279827e+01 1.595219742050140077e+01 2.209347391955206064e+01
1.711908344045319552e+01 4.927664734767727595e+01 3.960005189878329901e+01
2.017566879193105223e+01 2.273117396212294850e+01 2.823460306231467243e+01
3.497496224538314635e+01 2.395153350268418890e+01 2.034036195898799804e+01
5.479287251665820691e+01 2.628264506277213997e+01 3.131700760888649171e+01
1.295498773626097133e+01 4.020150386111429697e+01 4.044121613434590046e+01
1.685458033996946625e+01 5.346710393396535466e+01 3.507033206816559812e+01
4.974392189612765947e+01 2.467899964296470472e+01 4.021115176458361162e+01
2.455861095004704708e+01 4.525006578715808558e+01 3.529197003085999995e+01
3.022929281953324576e+01 2.405176944147515883e+01 2.024887149163658862e+01
4.463701584724302052e+01 1.536969973305641446e+01 2.222648405103157643e+01
7.100931976639263787e+00 3.887728472371509980e+01 2.755659638936759492e+01
5.063392825209771786e+01 2.143568752652037190e+01 3.981927302489690135e+01
4.379002162433480549e+01 1.421927955209519112e+01 3.366460391240794081e+01
1.470602951741091502e+01 5.139086385478043439e+01 3.214690209948598465e+01
1.508083541321905940e+01 4.601698845743960931e+01 3.961023893450268218e+01
2.277976045600734523e+01 1.522341151487360555e+01 3.578832584018435625e+01
2.869254207184632932e+01 1.175913854363028044e+01 2.103361434674857122e+01
4.931016414188848529e+01 1.611385478368800861e+01 2.164254207845425526e+01
3.401301339643054433e+01 2.558068170000839459e+01 2.041938129709022576e+01
4.983626349192866201e+01 3.276628421723090412e+01 3.239218385478256579e+01
4.629665574565676422e+01 2.498274904675136199e+01 2.145588472332276808e+01
1.157222500590967940e+01 4.019500513085517923e+01 4.012671040004526901e+01
